1751537851292 0.5188164913376686 1
1751537858224 0.5145041312991862 2
1751537864898 0.501832945754118 3
1751537871726 0.5123369745137389 4
1751537878181 0.5187192475420459 5
1751537884364 0.5016857343842126 6
1751537891305 0.4997934747028125 7
1751537897867 0.5016846815207792 8
1751537905160 0.5039576098100814 9
1751537912578 0.5069285586857201 10
1751537920135 0.4967531278092687 11
1751537927407 0.49572986534361096 12
1751537934542 0.4880516372410034 13
1751537941701 0.48807939221472396 14
1751537948920 0.48144110276976004 15
1751537956728 0.4725943692201313 16
1751537964436 0.47237876956723795 17
1751537970894 0.47291485902459107 18
1751537977032 0.4691437738240324 19
1751537983173 0.4667703044869805 20
1751537989474 0.4568698344250181 21
1751537995308 0.4521139158050129 22
1751538001444 0.4373002367535878 23
1751538007399 0.4265845183834182 24
1751538013212 0.4174639278816751 25
1751538018885 0.4168623185611884 26
1751538024725 0.4095569777751056 27
1751538030521 0.4077648761199961 28
1751538036121 0.40469690590588064 29
1751538041871 0.39984699786385836 30
1751538047790 0.39628097036448845 31
1751538053742 0.39808549374109614 32
1751538059299 0.3951013887621485 33
1751538065213 0.39531536116353455 34
1751538071253 0.39569578700000674 35
1751538077236 0.39637235985225294 36
1751538082968 0.39584796036100334 37
1751538088950 0.39390919292760157 38
1751538094896 0.39378963840404246 39
1751538100986 0.393407459368678 40
1751538106763 0.39300279220317813 41
1751538112786 0.39148107127088977 42
1751538118761 0.39051275050417755 43
1751538124643 0.39283331283974315 44
