1751537851283 0.8229697604167265 1
1751537858215 0.8003752254950357 2
1751537864888 0.7844215365549331 3
1751537871710 0.788639253682761 4
1751537878171 0.7997652828005168 5
1751537884353 0.7640494360915414 6
1751537891294 0.7672707980398857 7
1751537897853 0.7542835739574945 8
1751537905151 0.7448104874026055 9
1751537912568 0.7393808720625483 10
1751537920121 0.7018604193742685 11
1751537927397 0.68711488867846 12
1751537934531 0.6655673789143339 13
1751537941691 0.6636706703473653 14
1751537948908 0.6484714127723361 15
1751537956717 0.6168424059240484 16
1751537964419 0.6239264534313376 17
1751537970881 0.6263230964813489 18
1751537977023 0.6020130348925552 19
1751537983160 0.6027024580956353 20
1751537989463 0.5747046721122183 21
1751537995298 0.5565581174013493 22
1751538001433 0.5291362333060088 23
1751538007387 0.5090687994535568 24
1751538013203 0.48540793307516 25
1751538018875 0.4740187121198783 26
1751538024716 0.4618569194952898 27
1751538030510 0.45665951251254244 28
1751538036110 0.4512115542173127 29
1751538041859 0.4354408438162426 30
1751538047779 0.4308198129131965 31
1751538053730 0.4411028360939327 32
1751538059285 0.43346862225539357 33
1751538065200 0.426192089199114 34
1751538071242 0.43241226333280336 35
1751538077223 0.4339692198452563 36
1751538082955 0.4264199158701953 37
1751538088939 0.42229145452663996 38
1751538094885 0.4233660804905379 39
1751538100975 0.42644711238345234 40
1751538106747 0.4261096571386008 41
1751538112776 0.4215961359040553 42
1751538118749 0.41863554822284493 43
1751538124629 0.4236642349278669 44
