1751536216049 0.8963314403753978 1
1751536219172 0.8440058146208469 2
1751536222178 0.8625849250299279 3
1751536225331 0.8861015236596536 4
1751536228262 0.9285896059427494 5
1751536231368 0.9274440131361671 6
1751536234432 0.9269281066818109 7
1751536237417 0.9266658385964286 8
1751536240107 0.9260196571205159 9
1751536242892 0.8708478274178814 10
1751536245800 0.8462691085954815 11
1751536248719 0.8424043311035011 12
1751536251512 0.845737329195697 13
1751536254409 0.8372376899099016 14
1751536257398 0.8300659567938262 15
1751536260432 0.8248128101169375 16
1751536263252 0.8094970941025943 17
1751536265978 0.8036640721907164 18
1751536268671 0.7990339592909467 19
1751536271557 0.7751691384531604 20
1751536274493 0.7642859210328501 21
1751536277492 0.7483360476135255 22
1751536280530 0.7356294173455763 23
1751536283333 0.7247884687402812 24
1751536286348 0.7090741649415643 25
1751536289608 0.7000124389646696 26
1751536292459 0.6793804174392231 27
1751536295423 0.661756981105027 28
1751536298288 0.6593572270196105 29
1751536301336 0.6444781779548817 30
1751536304409 0.6427839820492977 31
1751536307324 0.6447686675925323 32
1751536310396 0.638524590272059 33
1751536313345 0.6248363250292831 34
1751536316439 0.6417782420565836 35
1751536319441 0.6312654977617478 36
1751536322989 0.6234009275193583 37
1751536326535 0.6245002632128526 38
1751536329921 0.6239378307774615 39
1751536333438 0.6169252344983875 40
1751536337026 0.6170301928014801 41
1751536340810 0.6098282055076931 42
1751536344587 0.6120731510603568 43
1751536348363 0.6071726698772135 44
1751536351521 0.6142080464332981 45
1751536355383 0.6062521866878329 46
1751536358511 0.61488391595603 47
1751536361726 0.6094292329180738 48
1751536364740 0.6078152862786188 49
1751536367940 0.6062951812024862 50
