1751536216060 0.5623156246340876 1
1751536219182 0.5414080303642106 2
1751536222190 0.5476015056125458 3
1751536225345 0.561400296239148 4
1751536228272 0.5860589913921672 5
1751536231379 0.5866045574321689 6
1751536234441 0.5846851154975097 7
1751536237428 0.5888291663394374 8
1751536240117 0.5872925765408729 9
1751536242901 0.5632285353674606 10
1751536245815 0.551120553419713 11
1751536248729 0.5478524115617827 12
1751536251523 0.5447711999108358 13
1751536254419 0.5366186266129901 14
1751536257413 0.53194537236191 15
1751536260444 0.527588474774636 16
1751536263263 0.5117126641969484 17
1751536265993 0.5134443173748031 18
1751536268684 0.5159568911589087 19
1751536271567 0.5035878711664158 20
1751536274505 0.5052866584560801 21
1751536277504 0.4989843833755908 22
1751536280540 0.49596556042337847 23
1751536283343 0.4953008262400306 24
1751536286361 0.49018845704751696 25
1751536289620 0.4834427987053942 26
1751536292469 0.47535483570721454 27
1751536295437 0.4718508373434565 28
1751536298300 0.47270823630001474 29
1751536301347 0.46833946959447453 30
1751536304419 0.4682117297732205 31
1751536307338 0.4667645844116294 32
1751536310405 0.4648946868409224 33
1751536313359 0.4606639463533527 34
1751536316450 0.46429726015859113 35
1751536319455 0.4642960080875292 36
1751536323000 0.46316080865485404 37
1751536326546 0.4618471971383326 38
1751536329932 0.46362358710790075 39
1751536333449 0.45984841274812804 40
1751536337041 0.45937642008639695 41
1751536340822 0.45639770333086715 42
1751536344597 0.4568860461442948 43
1751536348374 0.4580099470968556 44
1751536351530 0.45867843696987076 45
1751536355407 0.45586349275509086 46
1751536358531 0.4571107544727696 47
1751536361742 0.45754610860111283 48
1751536364750 0.4566355562452431 49
1751536367950 0.4573588868325359 50
