1751537635859 0.5786544998824085 1
1751537641032 0.5873863062065187 2
1751537645971 0.5892233742397511 3
1751537650820 0.5870202627420119 4
1751537655767 0.5898049074064928 5
1751537660559 0.5860487487813062 6
1751537665792 0.5611438215114187 7
1751537671417 0.5535212665675694 8
1751537676856 0.5867898338146674 9
1751537681924 0.5870282261884308 10
1751537687032 0.5890317620182159 11
1751537692083 0.5502206351106945 12
1751537696508 0.5279730660628558 13
1751537701298 0.5118162545225621 14
1751537705769 0.5015808322564242 15
1751537710110 0.5011453633304646 16
1751537714158 0.47345060301852887 17
1751537718268 0.4742859662620287 18
1751537721998 0.46660406842091046 19
1751537725944 0.46425930634663015 20
1751537729818 0.4534681326754999 21
1751537733688 0.4521531973658763 22
1751537737468 0.4449318656649157 23
1751537741304 0.44191128670504587 24
1751537744940 0.4400674901291659 25
1751537748742 0.4321694236381449 26
1751537752397 0.43048764664823513 27
1751537755973 0.43297375135545046 28
1751537759900 0.4298279072258864 29
1751537763775 0.4287013082411098 30
1751537767610 0.4246134184713391 31
1751537771624 0.42512629799589663 32
1751537775949 0.4263238024202208 33
1751537779714 0.42318938269168593 34
1751537783402 0.41924001558693097 35
1751537787225 0.4177334852260039 36
1751537790941 0.41834116061612836 37
1751537794544 0.41781055788750077 38
1751537798284 0.41840719715529884 39
1751537802098 0.41582031123179103 40
1751537805915 0.4157702273452175 41
1751537809853 0.41520706668818186 42
1751537813394 0.4157866719831875 43
1751537817312 0.4131130312756844 44
1751537821235 0.4157511100833277 45
1751537824966 0.41456838889029307 46
1751537828377 0.41540368572928926 47
1751537831980 0.41466113726160764 48
1751537835571 0.4132681266230703 49
1751537839196 0.41580351186295106 50
