1751537635848 0.9300782616101048 1
1751537641020 0.9306711797522237 2
1751537645961 0.9282368076738196 3
1751537650811 0.9277562952272209 4
1751537655757 0.9298802874500749 5
1751537660550 0.9194481376156712 6
1751537665784 0.8721211862848787 7
1751537671408 0.8605635198939591 8
1751537676842 0.9243996639977812 9
1751537681910 0.9262581077077765 10
1751537687023 0.9256618090873172 11
1751537692071 0.8469434557527636 12
1751537696498 0.7919455308069732 13
1751537701286 0.7649109403658017 14
1751537705754 0.7371953958559987 15
1751537710101 0.7286595628231685 16
1751537714138 0.686917924587164 17
1751537718259 0.672099404752425 18
1751537721984 0.6439266631060429 19
1751537725932 0.6224634880158669 20
1751537729809 0.6022885399957429 21
1751537733673 0.5896840797387799 22
1751537737455 0.5641905216127561 23
1751537741294 0.5652270297298636 24
1751537744928 0.5442068214614382 25
1751537748730 0.5340233029587935 26
1751537752387 0.524894665532953 27
1751537755959 0.5272240401281958 28
1751537759891 0.528405507107566 29
1751537763763 0.5190088034211431 30
1751537767599 0.5087041732860932 31
1751537771613 0.5094543888092888 32
1751537775939 0.5094425938527182 33
1751537779702 0.49822615619741845 34
1751537783392 0.49415431106730534 35
1751537787213 0.48918486354405866 36
1751537790929 0.48392903528608316 37
1751537794531 0.48650766228107195 38
1751537798273 0.49276120993947037 39
1751537802088 0.48978504054134364 40
1751537805906 0.4884479489630765 41
1751537809841 0.48712645040075575 42
1751537813375 0.4883000703695248 43
1751537817298 0.4807895371424038 44
1751537821225 0.4878964189520525 45
1751537824955 0.4806154567480299 46
1751537828367 0.48904626301889487 47
1751537831970 0.4815756304640473 48
1751537835560 0.4882235936677128 49
1751537839186 0.4852391125877506 50
