1751537463046 0.7869760677899306 1
1751537469745 0.6689990367006952 2
1751537476822 0.7030781239475572 3
1751537484019 0.7688436630690874 4
1751537491316 0.7507458094264446 5
1751537498456 0.6518175722015559 6
1751537505440 0.5394908101966559 7
1751537512365 0.5088916798164046 8
1751537518899 0.47309030378769523 9
1751537525517 0.4144856085487759 10
1751537531885 0.37543620653417403 11
1751537538045 0.3782833194413261 12
1751537544773 0.35523453169692293 13
1751537551277 0.34963243450650716 14
1751537557761 0.3550309309728358 15
1751537564322 0.3398944939463981 16
1751537572340 0.3371617707450428 17
1751537579907 0.33427436594947546 18
1751537586529 0.3315235958463593 19
1751537593181 0.3270526327362633 20
1751537599998 0.3205248245855998 21
1751537606912 0.3251527767125868 22
1751537613539 0.32086880829931186 23
1751537619927 0.32172622063500406 24
1751537626248 0.31797145898816476 25
