1751537463058 0.502991532174736 1
1751537469757 0.46058289687442694 2
1751537476832 0.4826848812082919 3
1751537484029 0.504758536706822 4
1751537491328 0.4967517542701406 5
1751537498468 0.46783625328692563 6
1751537505453 0.43155302317476835 7
1751537512378 0.41995485777546926 8
1751537518908 0.4058063252679478 9
1751537525530 0.38447772558945065 10
1751537531896 0.36671910916936606 11
1751537538055 0.3672900771584149 12
1751537544806 0.3571311934501577 13
1751537551290 0.3548332093810913 14
1751537557772 0.3537302019623629 15
1751537564334 0.3458388804107078 16
1751537572351 0.345122453641835 17
1751537579923 0.34441193927961405 18
1751537586539 0.34250298117433686 19
1751537593196 0.33848027770403727 20
1751537600011 0.33453755153198417 21
1751537606923 0.3363573158774361 22
1751537613548 0.33535618909629045 23
1751537619937 0.3342886120889755 24
1751537626259 0.3357955353211571 25
