1751536791989 0.8664874427235987 1
1751536797231 0.801161342943384 2
1751536802030 0.7943674253150387 3
1751536807266 0.7950080104733247 4
1751536812184 0.8122072284788461 5
1751536817461 0.8322770732400637 6
1751536822558 0.812264906777589 7
1751536827200 0.8090217996844179 8
1751536832070 0.8024693544761786 9
1751536836441 0.7712752759327225 10
1751536840837 0.7502805375486986 11
1751536844834 0.6470389833022562 12
1751536848729 0.62891701335299 13
1751536853004 0.5947236783275315 14
1751536857276 0.5909014822264291 15
1751536861611 0.5657083596109603 16
1751536865732 0.5490547325941872 17
1751536870359 0.539376099959279 18
1751536874568 0.5193664533334553 19
1751536878604 0.4851010918476075 20
1751536882792 0.4780649851037427 21
1751536887048 0.46066537942359775 22
1751536891073 0.45645432376113354 23
1751536895283 0.45741267289518195 24
1751536899414 0.45180879641965077 25
1751536903488 0.44053801327729103 26
1751536907688 0.4298052900013726 27
1751536912035 0.4346473812056967 28
1751536916032 0.43256364218823756 29
1751536920358 0.43625516145553805 30
1751536924124 0.4340220079742108 31
1751536927959 0.4291632049543759 32
1751536931827 0.42065718126069945 33
1751536935729 0.42098348443636735 34
1751536939668 0.42132162772502124 35
1751536943781 0.4263626394226675 36
1751536947684 0.42575798635508433 37
1751536951236 0.41532585816287837 38
1751536955045 0.4329154477042506 39
1751536958813 0.4139357564462957 40
1751536962578 0.4068549008050864 41
1751536966056 0.4032692332899748 42
1751536969867 0.41306737736036614 43
1751536973724 0.4114721745273197 44
1751536977623 0.4135499817091186 45
1751536981518 0.4108274120116509 46
1751536985179 0.4153963189844517 47
1751536989122 0.4135222894605663 48
1751536992832 0.40867632089851286 49
1751536996750 0.41873818018012204 50
