1751536791998 0.559307100353337 1
1751536797242 0.5217696128011068 2
1751536802039 0.5171902763941182 3
1751536807275 0.5132849779949482 4
1751536812196 0.5235858497139169 5
1751536817473 0.5332571914627064 6
1751536822567 0.5289106981211726 7
1751536827209 0.5286586743186754 8
1751536832081 0.5251626813651707 9
1751536836450 0.5149567602864966 10
1751536840846 0.5150991335921493 11
1751536844843 0.47500266804872066 12
1751536848739 0.4697427952100173 13
1751536853015 0.45783044123571953 14
1751536857286 0.45548571172252783 15
1751536861620 0.4422201849443002 16
1751536865744 0.4419221174948709 17
1751536870374 0.4225110414790975 18
1751536874582 0.416139508980725 19
1751536878614 0.40029839095035946 20
1751536882802 0.40005852722773416 21
1751536887059 0.39207394195222955 22
1751536891082 0.3900872423596365 23
1751536895295 0.39035312617141565 24
1751536899424 0.3851568653501646 25
1751536903501 0.38351769702262545 26
1751536907700 0.3817547325625373 27
1751536912050 0.379785745768348 28
1751536916042 0.37757218215821536 29
1751536920368 0.3794233733687951 30
1751536924134 0.3766397063310744 31
1751536927970 0.3764331394126923 32
1751536931836 0.3750993310611081 33
1751536935740 0.3754846472578059 34
1751536939678 0.3747410756084275 35
1751536943793 0.3752333139439132 36
1751536947693 0.37363413146849644 37
1751536951248 0.3714625529925044 38
1751536955057 0.37629693321575597 39
1751536958823 0.3725197605033576 40
1751536962590 0.37046714642788336 41
1751536966071 0.3695472705567753 42
1751536969882 0.37012781467934674 43
1751536973734 0.37076565279172885 44
1751536977634 0.3717160015565956 45
1751536981528 0.3712274306714329 46
1751536985198 0.3711156442895242 47
1751536989136 0.3710192955517879 48
1751536992842 0.3715726079397748 49
1751536996765 0.3730214605659179 50
