1751535912003 0.8812364783216344 1
1751535915026 0.8156946281460682 2
1751535917872 0.793454580447945 3
1751535921371 0.8096385108619314 4
1751535924360 0.8105990000824272 5
1751535927141 0.8003655621633236 6
1751535929916 0.7679467661899816 7
1751535932516 0.7421600505552298 8
1751535935377 0.7148853203721641 9
1751535937961 0.682983754441873 10
1751535940540 0.651115372850513 11
1751535943125 0.6271558926884424 12
1751535945711 0.5889304576392566 13
1751535948477 0.5471616921767918 14
1751535951010 0.5205763440344254 15
1751535953649 0.49711743318633406 16
1751535956233 0.4843424686283935 17
1751535959041 0.46901428650891475 18
1751535961798 0.4659552611480469 19
1751535964853 0.45612635469578994 20
1751535967985 0.4522936966163225 21
1751535970579 0.4394207309343661 22
1751535973203 0.4377658630916212 23
1751535976137 0.44625068547917907 24
1751535978794 0.4273157983585982 25
1751535981462 0.43126387769009134 26
1751535984328 0.429108863905459 27
1751535987118 0.4233556140107957 28
1751535989929 0.42739070102985666 29
1751535992574 0.4245335209714358 30
1751535995357 0.4240300704216917 31
1751535998092 0.4207054719947985 32
1751536000725 0.42304973128245943 33
1751536003358 0.41903472189873026 34
1751536006112 0.4246958366674343 35
1751536008920 0.4185249753951509 36
1751536012265 0.41702996295095845 37
1751536014937 0.42090443555781465 38
1751536017489 0.4175161077585529 39
1751536020069 0.424407937117182 40
1751536022607 0.41690268340544184 41
1751536025208 0.4188826928972363 42
1751536027791 0.409676637764122 43
1751536030322 0.4159967933012987 44
1751536032934 0.4178814828001734 45
1751536035623 0.4150386128799237 46
1751536038241 0.41996840278982095 47
1751536040677 0.41268782666013515 48
1751536043390 0.4197814652035788 49
1751536046038 0.4177898333442772 50
