1751535912012 0.5553258112819693 1
1751535915036 0.511574315860666 2
1751535917890 0.49640513583172186 3
1751535921382 0.5128323347285224 4
1751535924370 0.5098427657336129 5
1751535927151 0.49663269859210624 6
1751535929930 0.4903334247728308 7
1751535932526 0.49024892921839747 8
1751535935389 0.47646360597099424 9
1751535937970 0.47121744219764816 10
1751535940550 0.46006100683548506 11
1751535943138 0.4570360090835396 12
1751535945726 0.44319199689881866 13
1751535948490 0.4264685815729794 14
1751535951020 0.41536256907417524 15
1751535953659 0.40700822904798645 16
1751535956244 0.3944131903336383 17
1751535959053 0.3898029307422404 18
1751535961812 0.38987968416918917 19
1751535964864 0.38835689183855815 20
1751535968001 0.38633092778180556 21
1751535970590 0.38196571708772564 22
1751535973213 0.38157398711537416 23
1751535976154 0.3835678468460652 24
1751535978806 0.37759998802205574 25
1751535981472 0.379152814007036 26
1751535984343 0.37751006378916213 27
1751535987127 0.37633848344422066 28
1751535989941 0.37778384044588487 29
1751535992586 0.3754857907693572 30
1751535995371 0.3741520822936404 31
1751535998102 0.37533261951731517 32
1751536000735 0.37385084521884593 33
1751536003369 0.37345602476066253 34
1751536006122 0.3738446239362544 35
1751536008937 0.3734032743838654 36
1751536012275 0.3730553032205922 37
1751536014947 0.37449606538971825 38
1751536017502 0.37203706588147956 39
1751536020078 0.3731596332940817 40
1751536022618 0.37180240333909687 41
1751536025220 0.37268488411311396 42
1751536027803 0.37179418680087417 43
1751536030332 0.37200563994280317 44
1751536032944 0.3715950861701158 45
1751536035634 0.373295495067287 46
1751536038250 0.37180293105461043 47
1751536040690 0.3731423962284473 48
1751536043405 0.3735306094620525 49
1751536046050 0.3730152431038352 50
