1751538133247 0.8664349366020241 1
1751538138031 0.8345028396027117 2
1751538143212 0.843504062782891 3
1751538148821 0.8575902444938323 4
1751538154329 0.8590508886001476 5
1751538159757 0.8478676841158534 6
1751538164680 0.837563403307374 7
1751538170082 0.8412638642669583 8
1751538175733 0.8304635736027722 9
1751538180112 0.8219496282904849 10
1751538184252 0.8032705653670227 11
1751538188127 0.7851208367117605 12
1751538192239 0.7556753479150915 13
1751538196371 0.723955154310124 14
1751538200508 0.6980095554831044 15
1751538204586 0.6703919947241485 16
1751538208429 0.6548556472760932 17
1751538212285 0.6307372573818646 18
1751538216095 0.6136505022552351 19
1751538219832 0.5996429731421041 20
1751538223855 0.5873545417270772 21
1751538228033 0.5829435864452971 22
1751538232139 0.5685122706283531 23
1751538236209 0.5556209656948236 24
1751538240513 0.5516105806143442 25
1751538244759 0.5468750036043369 26
1751538249048 0.5435993841016656 27
1751538253293 0.5317361187537236 28
1751538257564 0.5325106412163494 29
1751538261701 0.5252034646875 30
1751538265770 0.49927428760921966 31
1751538269848 0.49910488709708867 32
1751538273824 0.493059509812015 33
1751538277606 0.49571234286625554 34
1751538281292 0.5005350555347029 35
1751538284893 0.4893507665141036 36
1751538289335 0.4911601170375436 37
1751538292958 0.4884509407311051 38
1751538296528 0.4867030895807472 39
1751538300571 0.48021591203646613 40
1751538304412 0.4866753011738973 41
1751538307991 0.48578003045073337 42
1751538311668 0.4899662697784618 43
1751538315968 0.4790140536547495 44
1751538320643 0.4823117860291713 45
1751538324538 0.4903449705213405 46
1751538328499 0.48741891616061117 47
1751538332248 0.4888100492440147 48
1751538336370 0.4907240861320759 49
1751538340167 0.4786131593307667 50
