1751538133257 0.546423724605173 1
1751538138040 0.5292651997782643 2
1751538143222 0.5331104110132656 3
1751538148831 0.537724690968247 4
1751538154338 0.5380095313276059 5
1751538159766 0.5236878629840398 6
1751538164690 0.5219928904739923 7
1751538170095 0.5385055142412248 8
1751538175742 0.5326564451213605 9
1751538180121 0.530921826213907 10
1751538184261 0.5265353926016573 11
1751538188137 0.5248759391453004 12
1751538192249 0.5107394516979802 13
1751538196381 0.4946695820642673 14
1751538200530 0.4887018674490283 15
1751538204601 0.4779097004749927 16
1751538208449 0.46972955979070813 17
1751538212300 0.46208572163435263 18
1751538216104 0.45789159311601657 19
1751538219843 0.45349463631931963 20
1751538223865 0.4486943751847086 21
1751538228047 0.44649512799791086 22
1751538232153 0.44509655559544126 23
1751538236219 0.44079520629892976 24
1751538240523 0.438670607426907 25
1751538244770 0.43669672910192814 26
1751538249060 0.43315206421194524 27
1751538253305 0.42430791896739883 28
1751538257577 0.4266332044137215 29
1751538261713 0.42260652162016266 30
1751538265790 0.41991029920505535 31
1751538269858 0.4192800196680867 32
1751538273834 0.4172595398254059 33
1751538277616 0.42074840229460864 34
1751538281302 0.4195335379954353 35
1751538284904 0.4160480816172763 36
1751538289346 0.41749946823492345 37
1751538292968 0.41725253370322773 38
1751538296541 0.41366564223117636 39
1751538300583 0.41425711247688757 40
1751538304421 0.4166584046921325 41
1751538308004 0.4140574602222885 42
1751538311678 0.416349510423384 43
1751538315983 0.4155937243276154 44
1751538320661 0.4150248056901333 45
1751538324547 0.41627909188843265 46
1751538328514 0.41453220825916237 47
1751538332258 0.41419509534396765 48
1751538336380 0.41530745915666356 49
1751538340177 0.4128335338995062 50
