1751536055377 0.5098549538423146 1
1751536060100 0.4988834786765681 2
1751536064594 0.5014271179156584 3
1751536069408 0.49098036591679395 4
1751536074232 0.4937656908083277 5
1751536078774 0.4938202787572653 6
1751536083528 0.49088243699716133 7
1751536088259 0.48228950063085596 8
1751536092880 0.45727074009214774 9
1751536097769 0.43713859448772446 10
1751536103167 0.4172346060195798 11
1751536107867 0.41542223897200753 12
1751536112726 0.4109364024810232 13
1751536117534 0.4021121057317133 14
1751536121879 0.39589134538372495 15
1751536126345 0.3888390899633921 16
1751536131031 0.3864770140486009 17
1751536135541 0.38212606576427144 18
1751536140232 0.3788964542328023 19
1751536144676 0.37585310000464134 20
1751536149120 0.374478927133797 21
1751536153434 0.3743550584998122 22
1751536158031 0.37246820988253215 23
1751536162517 0.3699651528743581 24
1751536166936 0.37130227660563414 25
1751536171400 0.37005486023528406 26
1751536175925 0.3665834810648385 27
1751536180425 0.3639506267766591 28
1751536184939 0.3687025155935708 29
1751536189480 0.3661829482193797 30
1751536194066 0.36755095142714894 31
1751536198497 0.3655009071703761 32
1751536203435 0.36321829691592505 33
1751536208116 0.3620483102937753 34
