1751536055368 0.8151740786689979 1
1751536060089 0.7850815772357326 2
1751536064585 0.7857840117068937 3
1751536069399 0.7786673028071682 4
1751536074214 0.7688465984449045 5
1751536078762 0.7554103267059902 6
1751536083515 0.746969459605784 7
1751536088250 0.7113674989130635 8
1751536092870 0.6299457958216824 9
1751536097754 0.5643228520260113 10
1751536103157 0.5089122470423063 11
1751536107854 0.49759127266339603 12
1751536112715 0.48783939040967156 13
1751536117521 0.47716455076573266 14
1751536121870 0.4563460395447443 15
1751536126335 0.4279450494992725 16
1751536131012 0.42104597590135046 17
1751536135531 0.41210304241824874 18
1751536140223 0.40793714214615956 19
1751536144667 0.40340652922752 20
1751536149108 0.3948679917714302 21
1751536153418 0.3955495608875856 22
1751536158021 0.3900909899715303 23
1751536162500 0.38122787616494774 24
1751536166926 0.3864097025461968 25
1751536171391 0.3775518724519668 26
1751536175914 0.37941931878239266 27
1751536180416 0.38021931873073256 28
1751536184925 0.37573135107664485 29
1751536189464 0.37316357502106273 30
1751536194054 0.37765275389411945 31
1751536198484 0.37010987349744967 32
1751536203423 0.3666438929266771 33
1751536208107 0.36911904033051773 34
