1751536377657 0.5533596774814843 1
1751536383230 0.5074788153400946 2
1751536388685 0.5042934331770512 3
1751536394074 0.5058449960867862 4
1751536399303 0.500166737108608 5
1751536404395 0.4575216997873274 6
1751536409512 0.4252873442638406 7
1751536414826 0.4198667522070204 8
1751536419600 0.4145016172766791 9
1751536424468 0.4062594990380646 10
1751536429250 0.39911706893415594 11
1751536434271 0.39292941912368995 12
1751536439864 0.3899081111289572 13
1751536445009 0.3966048653394228 14
1751536449892 0.39029964514949483 15
1751536455352 0.38094133008659314 16
1751536460736 0.3808962063999716 17
1751536466305 0.38455400454095684 18
1751536471571 0.38039151740535326 19
