1751536377649 0.8818104658406355 1
1751536383213 0.7990565110977011 2
1751536388670 0.7883960545860061 3
1751536394065 0.7758766286296435 4
1751536399293 0.7418745993556127 5
1751536404374 0.5822682469262666 6
1751536409499 0.4929046610734793 7
1751536414816 0.4752070730026169 8
1751536419591 0.468424174106334 9
1751536424458 0.44120899320448725 10
1751536429235 0.42840366167411814 11
1751536434257 0.4204998456782101 12
1751536439856 0.4194137781151106 13
1751536445000 0.42991678998922767 14
1751536449881 0.4207539095449669 15
1751536455338 0.40159399939656293 16
1751536460718 0.4036232015169656 17
1751536466293 0.40319895227863867 18
1751536471559 0.39414832927121185 19
