1751537266089 0.5372216735506863 1
1751537270222 0.5054834106885397 2
1751537274709 0.5192732601743171 3
1751537279035 0.5236247637177059 4
1751537283605 0.5201356601035102 5
1751537288254 0.5210862964418178 6
1751537292092 0.5188252855874256 7
1751537295949 0.5007140566445545 8
1751537299699 0.4816352887849141 9
1751537303426 0.45951344084877327 10
1751537307094 0.4245709099657124 11
1751537310613 0.42137553434986996 12
1751537314168 0.40521300039015623 13
1751537317764 0.40088468999167626 14
1751537321207 0.39362550683251185 15
1751537324838 0.3789479073409466 16
1751537328474 0.37556898465964067 17
1751537331804 0.37190216666622977 18
1751537335549 0.37400375686157233 19
1751537339175 0.36906382778572516 20
1751537342723 0.36453759618493936 21
1751537346418 0.36218697114415715 22
1751537350211 0.35946757400728785 23
1751537354028 0.36016879008904057 24
1751537357975 0.3593500411476351 25
1751537361936 0.3566213229660643 26
1751537365820 0.3573656786844571 27
1751537369650 0.3550401162468268 28
1751537373532 0.35383569740430276 29
1751537377044 0.35302222945030637 30
1751537380839 0.3538670911936467 31
1751537384645 0.3524443275993437 32
1751537388609 0.3498101760866281 33
1751537392360 0.35092674650609945 34
1751537396167 0.3508495106759317 35
1751537400108 0.34950054614786025 36
1751537403804 0.3482695783183404 37
1751537407507 0.3492697366548881 38
1751537411080 0.3485527936232051 39
1751537414780 0.34646054361187245 40
1751537418334 0.3482581365529658 41
1751537421800 0.35031715212493686 42
1751537425504 0.3472355509379603 43
1751537429336 0.3473206423123756 44
1751537433014 0.3480780607066055 45
1751537436774 0.34651389223066004 46
1751537440278 0.3487257598348305 47
1751537444047 0.348409554973755 48
1751537447741 0.3487869625670129 49
1751537451691 0.3467858090201171 50
