1751537266080 0.8574983159010847 1
1751537270212 0.790284919748181 2
1751537274698 0.8103515611729687 3
1751537279026 0.8197614054365524 4
1751537283593 0.8119606797214934 5
1751537288243 0.8200683144582855 6
1751537292083 0.8132292335059064 7
1751537295939 0.7722995473980186 8
1751537299689 0.7082057484718521 9
1751537303417 0.6215380570534821 10
1751537307080 0.5154924603254647 11
1751537310601 0.48973674669627976 12
1751537314158 0.4544581328906089 13
1751537317754 0.42860964006942576 14
1751537321198 0.4157531961289855 15
1751537324825 0.39862961884631015 16
1751537328462 0.3874662604264207 17
1751537331794 0.37694844635817254 18
1751537335538 0.3762172510569698 19
1751537339161 0.3661589438670493 20
1751537342713 0.3605523282932433 21
1751537346406 0.35333150652287143 22
1751537350201 0.348515765947897 23
1751537354018 0.35169708689379336 24
1751537357960 0.3455344136206193 25
1751537361925 0.3479660442853555 26
1751537365810 0.3407381310181075 27
1751537369640 0.340226890562459 28
1751537373519 0.3385968625098452 29
1751537377034 0.337517835832908 30
1751537380828 0.34078141531350875 31
1751537384634 0.3363509656416397 32
1751537388594 0.3307435693833078 33
1751537392343 0.33347403562858335 34
1751537396157 0.33650130917812915 35
1751537400097 0.3317148987860808 36
1751537403794 0.33263380794196684 37
1751537407497 0.3329337265161963 38
1751537411071 0.3301185624184818 39
1751537414771 0.32793096112149683 40
1751537418324 0.3323897784058367 41
1751537421791 0.3352168070020603 42
1751537425493 0.32997288179399936 43
1751537429326 0.33046678366259197 44
1751537433002 0.32746834745767567 45
1751537436762 0.3269221842447791 46
1751537440266 0.3345279263597738 47
1751537444038 0.32884838675671474 48
1751537447731 0.3317330296802154 49
1751537451675 0.3279311039405903 50
