1751536479292 0.9452195392595655 1
1751536482662 0.8945294427845822 2
1751536486046 0.8727657732512513 3
1751536489431 0.8507342023097973 4
1751536492593 0.8338264045711332 5
1751536496023 0.8254203712947275 6
1751536499391 0.7984916087224172 7
1751536503918 0.7591906054803677 8
1751536508473 0.7329286299296643 9
1751536511865 0.70273028689547 10
1751536514596 0.6644872802978887 11
1751536517434 0.6427646976894068 12
1751536520551 0.630905110015105 13
1751536523517 0.6161519938532649 14
1751536526304 0.6074132827931068 15
1751536528873 0.5692634822867482 16
1751536531494 0.5527046561317619 17
1751536534087 0.5580292630263851 18
1751536536782 0.5399783451283283 19
1751536539562 0.5404358187326965 20
1751536542201 0.5329428789814569 21
1751536544923 0.5179509052996291 22
1751536547688 0.5262851553679477 23
1751536550248 0.5297745211472884 24
1751536552845 0.525559388868732 25
1751536555474 0.5209476111287086 26
1751536558253 0.5228758401507735 27
1751536560944 0.5246834183720414 28
1751536563654 0.5135398014091697 29
1751536566351 0.5263122364880125 30
1751536569044 0.5102526611523227 31
1751536571577 0.5138991263094982 32
1751536573972 0.5024745541617464 33
1751536576899 0.5026876368198415 34
1751536579622 0.5012820022728275 35
1751536582299 0.5113238167588642 36
1751536585007 0.501957030130682 37
1751536587549 0.5033284891277278 38
1751536590170 0.5101580606724048 39
1751536592644 0.506118357484484 40
1751536595137 0.4979769733631398 41
1751536597759 0.5013303917335532 42
1751536600319 0.5090521721936432 43
1751536602968 0.5041741144574196 44
1751536605521 0.5092256820550102 45
1751536608135 0.5070195415936911 46
1751536610962 0.5071445827974473 47
1751536613635 0.5067549297525606 48
1751536616499 0.5121346687715874 49
1751536619233 0.5089282158666263 50
