1751536479301 0.5824957347970294 1
1751536482671 0.5522518772005058 2
1751536486055 0.5638534213546514 3
1751536489447 0.5464530896895802 4
1751536492602 0.5336790271364407 5
1751536496032 0.5229347103571217 6
1751536499400 0.5220068859451675 7
1751536503942 0.50919400534507 8
1751536508482 0.4993381822766856 9
1751536511874 0.4879447200521128 10
1751536514606 0.4690718129593399 11
1751536517443 0.4634809190671912 12
1751536520562 0.46029091436630243 13
1751536523528 0.45915331052472674 14
1751536526315 0.456756819968608 15
1751536528887 0.44284769827399806 16
1751536531506 0.4358688596469516 17
1751536534097 0.43704595397446455 18
1751536536794 0.4325181918995738 19
1751536539574 0.43052526169370053 20
1751536542214 0.426228132371334 21
1751536544937 0.4246349394921429 22
1751536547701 0.4229563713826656 23
1751536550257 0.42196242440538606 24
1751536552854 0.4236026787221414 25
1751536555485 0.4224179847318329 26
1751536558265 0.4213873388371251 27
1751536560954 0.4202449056869973 28
1751536563664 0.41809725376274515 29
1751536566366 0.42263011152742175 30
1751536569059 0.41915597277309724 31
1751536571590 0.41996110780599333 32
1751536573985 0.41715955483081674 33
1751536576910 0.4142936955849557 34
1751536579635 0.41480680564296196 35
1751536582310 0.41862011431388907 36
1751536585016 0.415541802208621 37
1751536587562 0.41498305265705593 38
1751536590179 0.41619332386041974 39
1751536592656 0.4176215321240274 40
1751536595150 0.41373062507016606 41
1751536597777 0.4158698554678047 42
1751536600331 0.414941073591907 43
1751536602978 0.4133897030870006 44
1751536605531 0.41668775413274695 45
1751536608146 0.41527085557549115 46
1751536610973 0.41491616853401336 47
1751536613645 0.4170388958684245 48
1751536616517 0.415954788910205 49
1751536619242 0.41653446527138216 50
