1751538351600 0.5085898427393621 1
1751538358831 0.4896221935578469 2
1751538366171 0.4823072300950902 3
1751538373568 0.47186012775938213 4
1751538381228 0.48414413294645825 5
1751538388503 0.48658165186834773 6
1751538395376 0.47142053153676505 7
1751538402213 0.4642195189727396 8
1751538408947 0.45392955870368595 9
1751538415593 0.45069596195496237 10
1751538422315 0.4298270478584354 11
1751538429085 0.4096385359375872 12
1751538435630 0.4040787500524808 13
1751538442079 0.39714352990213225 14
1751538448711 0.39287907643954867 15
1751538455198 0.38591752648000643 16
1751538461626 0.3828465418990668 17
1751538468213 0.3808553648832625 18
1751538474814 0.37646551997860644 19
1751538481688 0.37705215759083466 20
1751538489181 0.37506450674299263 21
1751538496511 0.37159972536790925 22
1751538503113 0.3726336033778613 23
1751538509910 0.37173073933294654 24
1751538516539 0.3689559039059719 25
1751538522998 0.366570895234983 26
1751538529290 0.37006043934150334 27
1751538535565 0.36507944267275866 28
1751538542089 0.3678602246821462 29
1751538548444 0.36523375566580046 30
1751538554938 0.3674763193590954 31
1751538561284 0.3673386241916042 32
1751538567736 0.3670249384841055 33
1751538573991 0.3664976777404997 34
1751538580273 0.36536913477549793 35
1751538586514 0.36579152280835164 36
1751538592966 0.3616072530014946 37
1751538599480 0.36646610821951037 38
1751538606075 0.36452058926746755 39
1751538612456 0.3639476555707035 40
1751538619132 0.36347097886211016 41
1751538625709 0.3649363069182309 42
1751538632394 0.36444937058736504 43
1751538639019 0.36334685790248206 44
1751538645636 0.36419600565094923 45
1751538652227 0.3656273521111629 46
1751538658780 0.36237403194842915 47
1751538665248 0.3644106061834109 48
1751538671731 0.36264692786461533 49
1751538678654 0.3613266006992963 50
