1751538351589 0.7989915705593037 1
1751538358819 0.7539674502792921 2
1751538366158 0.7356693914494132 3
1751538373558 0.6926194825448183 4
1751538381213 0.7179294072321721 5
1751538388491 0.7510818253423577 6
1751538395360 0.6845126845980049 7
1751538402199 0.6315479467531118 8
1751538408934 0.6008746161237822 9
1751538415581 0.5888061484350077 10
1751538422304 0.518715744879478 11
1751538429075 0.4735216856338095 12
1751538435617 0.45607456663430623 13
1751538442067 0.4427987208762151 14
1751538448698 0.42641255085988045 15
1751538455187 0.41518998334288515 16
1751538461612 0.4044079839827383 17
1751538468202 0.40047606771417915 18
1751538474800 0.39167395732847615 19
1751538481677 0.3926686221504099 20
1751538489170 0.38397366371122316 21
1751538496500 0.38252530830416803 22
1751538503101 0.37974606629809937 23
1751538509895 0.37747224215680963 24
1751538516529 0.3741964680029376 25
1751538522988 0.3675348652376188 26
1751538529281 0.36936033790057776 27
1751538535555 0.36784342772796197 28
1751538542075 0.37138514414901713 29
1751538548434 0.3709634347454553 30
1751538554927 0.3659445106230259 31
1751538561272 0.36654776688284646 32
1751538567723 0.3722413363056323 33
1751538573979 0.36925177269811094 34
1751538580261 0.3675647611639453 35
1751538586498 0.37216390407145417 36
1751538592953 0.36044910935844776 37
1751538599468 0.3706284589961805 38
1751538606059 0.3639341813989986 39
1751538612446 0.3648881237955004 40
1751538619122 0.3596478438135915 41
1751538625695 0.366299073481788 42
1751538632377 0.3630022564957128 43
1751538639007 0.3658744681685013 44
1751538645623 0.3630986078333951 45
1751538652214 0.37037052244586205 46
1751538658768 0.3609122724432142 47
1751538665235 0.36687901087431 48
1751538671720 0.3595734749084562 49
1751538678639 0.3598471327176466 50
