1751535581211 0.5708034527180614 1
1751535583890 0.5360259509805417 2
1751535586831 0.5304998141908933 3
1751535589628 0.5179516208744773 4
1751535592542 0.5298315766096986 5
1751535598909 0.5324037811850956 6
1751535606003 0.5313015517560961 7
1751535612738 0.5294842968791279 8
1751535619137 0.5310985547621205 9
1751535626030 0.5305833590033023 10
1751535633336 0.5292069307969328 11
1751535640943 0.5257135914471547 12
1751535648224 0.5349227717242048 13
1751535653801 0.5142908745682346 14
1751535656693 0.510737224766277 15
1751535659506 0.5053486647774599 16
1751535662111 0.500815774856098 17
1751535664684 0.48854628517939946 18
1751535667074 0.4790073943775756 19
1751535669578 0.46987523451310725 20
1751535672164 0.456195261772418 21
1751535675447 0.45086768568650315 22
1751535678655 0.4444156234925301 23
1751535681191 0.44062467622789897 24
1751535684003 0.4394798025975608 25
1751535686868 0.43492859600209816 26
1751535689502 0.4314676760850743 27
1751535691969 0.43401249787608176 28
1751535694574 0.42847978693175665 29
1751535697186 0.4280254234981057 30
1751535699911 0.423770339335104 31
1751535702443 0.42533062840924496 32
1751535705008 0.4236290439247179 33
1751535707827 0.42380613163900344 34
1751535710452 0.42651261552634484 35
1751535713080 0.42554619311286396 36
1751535715856 0.420546352945663 37
1751535718488 0.42638635643316986 38
1751535721153 0.42652346455990875 39
1751535723711 0.42345049033498616 40
1751535726251 0.4207497495225183 41
1751535728882 0.4219448984839845 42
1751535731779 0.42403880206392514 43
1751535734876 0.42087178390341146 44
1751535738027 0.422783931771871 45
1751535741336 0.4204710882819206 46
1751535744695 0.42031628450495134 47
1751535747707 0.420093646368787 48
1751535750307 0.4200513466750012 49
1751535752881 0.4192391670310202 50
