1751535581198 0.9150320836684316 1
1751535583881 0.8516829922908529 2
1751535586817 0.8464711198819821 3
1751535589616 0.820311052749167 4
1751535592526 0.8425490468064742 5
1751535598868 0.8526151813518892 6
1751535605968 0.8521260282817555 7
1751535612702 0.8551552060160293 8
1751535619099 0.8528462883092733 9
1751535625997 0.852996752646931 10
1751535633290 0.8499652622768512 11
1751535640907 0.8455939481521446 12
1751535648189 0.8509469457984641 13
1751535653792 0.831172816251692 14
1751535656684 0.8129480171470372 15
1751535659496 0.795568297410616 16
1751535662098 0.7709567947836157 17
1751535664673 0.7259646524661129 18
1751535667058 0.6866608078389416 19
1751535669566 0.6431081657476491 20
1751535672149 0.5983282490236838 21
1751535675432 0.5824157531694611 22
1751535678645 0.5646945943745811 23
1751535681181 0.5488667286043516 24
1751535683988 0.5401741737843759 25
1751535686854 0.5245784837316928 26
1751535689493 0.52305194440092 27
1751535691955 0.5182427061777012 28
1751535694562 0.5087183607591642 29
1751535697172 0.5062956265832387 30
1751535699898 0.5001076350401623 31
1751535702432 0.4961526109308054 32
1751535704995 0.4927213667623267 33
1751535707817 0.490377202882979 34
1751535710442 0.49606200684143953 35
1751535713070 0.49553495118769303 36
1751535715844 0.4861010875404734 37
1751535718478 0.49540746886109266 38
1751535721143 0.4918158806453838 39
1751535723701 0.48650010934083565 40
1751535726237 0.48860196097045594 41
1751535728870 0.486954192724419 42
1751535731760 0.4895934003189193 43
1751535734864 0.4867026869170489 44
1751535738012 0.4860972940045331 45
1751535741323 0.48333031677028027 46
1751535744680 0.48570788572515255 47
1751535747697 0.4800181516146455 48
1751535750295 0.4847673372759184 49
1751535752871 0.4825308830925358 50
