1751535762343 0.5128086912517873 1
1751535767217 0.5644960614702702 2
1751535771958 0.5098244107441312 3
1751535776920 0.5042684861553229 4
1751535781612 0.5126102298195219 5
1751535786629 0.48881215923549887 6
1751535791484 0.4914103997703085 7
1751535796599 0.49097879843757497 8
1751535801338 0.4982253672174766 9
1751535806239 0.4827623800418225 10
1751535811185 0.47003694335258833 11
1751535815930 0.4413314292211588 12
1751535820241 0.41035238970988336 13
1751535824538 0.39897647755326965 14
1751535829093 0.3947840513775288 15
1751535833547 0.384250757754949 16
1751535837973 0.3815852971981888 17
1751535842671 0.3805296853100878 18
1751535847477 0.3792687797845204 19
1751535851996 0.3787853209108635 20
1751535856730 0.3756342351695433 21
1751535861565 0.37402068427187146 22
1751535866497 0.37347563600641337 23
1751535871515 0.3748550729414888 24
1751535876512 0.36988278419341125 25
1751535881354 0.370969487712424 26
1751535886172 0.3666320032161915 27
1751535890904 0.36692518313180705 28
1751535895628 0.3707439691095965 29
1751535900233 0.36224450521427703 30
1751535904784 0.3663681202363982 31
