1751535762331 0.8316472930309627 1
1751535767203 0.8809363096908321 2
1751535771941 0.7848038701929698 3
1751535776905 0.7683654508997279 4
1751535781599 0.7833509747890027 5
1751535786619 0.7446690611574359 6
1751535791475 0.7350038899099393 7
1751535796589 0.7328345260262007 8
1751535801326 0.7197173541088419 9
1751535806228 0.6708424785912925 10
1751535811174 0.6147809046448648 11
1751535815921 0.5375344887586121 12
1751535820230 0.46973052807648585 13
1751535824528 0.4451928744220338 14
1751535829084 0.43545225084263256 15
1751535833534 0.41225479875261006 16
1751535837959 0.4025703073900826 17
1751535842662 0.4003523390221417 18
1751535847464 0.3932300965218698 19
1751535851983 0.3951203085575501 20
1751535856718 0.388958799507262 21
1751535861553 0.383709793528223 22
1751535866488 0.38734603966412123 23
1751535871504 0.3878649225195457 24
1751535876499 0.3786030611039667 25
1751535881336 0.3780381156692827 26
1751535886155 0.37048490510768745 27
1751535890895 0.3743777868514304 28
1751535895616 0.37693639183566774 29
1751535900223 0.367790190648035 30
1751535904768 0.36836698991894945 31
