1751537008166 0.5155420644543525 1
1751537015142 0.5072923985930382 2
1751537021872 0.501512765796166 3
1751537028781 0.5240628477393681 4
1751537035298 0.5171226420013594 5
1751537041729 0.4987136914754072 6
1751537048138 0.4993096596689035 7
1751537054444 0.4929903431246008 8
1751537060875 0.4825707232623889 9
1751537067444 0.45767989084543675 10
1751537073685 0.43040810323509754 11
1751537079989 0.4129592200339893 12
1751537086503 0.40050334365519885 13
1751537092802 0.3968268362453233 14
1751537099227 0.38835068387186655 15
1751537105848 0.37589447029125395 16
1751537112062 0.36868379362935577 17
1751537118650 0.3641499045257988 18
1751537124976 0.3642288225401569 19
1751537131048 0.35571323788837794 20
1751537137433 0.35106140977183653 21
1751537143651 0.3479609473617717 22
1751537149786 0.3471964022125742 23
1751537156026 0.3428250006367421 24
1751537162082 0.34106602901875016 25
1751537168052 0.3396044133252551 26
1751537174227 0.3372704041424172 27
1751537180685 0.3344175472795275 28
1751537186863 0.3342742970920816 29
1751537193280 0.3322163511449606 30
1751537199613 0.32960271697094723 31
1751537205936 0.32990599796800946 32
1751537212480 0.3279199040613699 33
1751537219175 0.3298179843630923 34
1751537225348 0.32833797161481254 35
1751537231701 0.3284859999751075 36
1751537238154 0.3278843543494923 37
1751537244758 0.32880098113512035 38
1751537250929 0.3283743543961577 39
1751537257011 0.326986096241297 40
