1751537008156 0.8129399840939754 1
1751537015132 0.7842505266526886 2
1751537021859 0.7484010555755229 3
1751537028771 0.7996366554153386 4
1751537035285 0.8202818769975934 5
1751537041715 0.7852473094306469 6
1751537048125 0.7710333093331713 7
1751537054424 0.7535771841897811 8
1751537060863 0.7209474952967019 9
1751537067434 0.6289341654277419 10
1751537073674 0.5326079254934845 11
1751537079979 0.4902025236201571 12
1751537086490 0.4560512405715689 13
1751537092789 0.4435660691377995 14
1751537099217 0.42477187574524455 15
1751537105839 0.3953412951982252 16
1751537112049 0.37817965848335544 17
1751537118639 0.36931439369202224 18
1751537124966 0.37238446020746496 19
1751537131028 0.353098467508544 20
1751537137420 0.3451152975874757 21
1751537143635 0.3429833109592869 22
1751537149776 0.3368217279818573 23
1751537156017 0.3291594938868704 24
1751537162069 0.32915659936608727 25
1751537168042 0.323576188144521 26
1751537174217 0.3223038869261518 27
1751537180672 0.317923194588813 28
1751537186849 0.3156403555347008 29
1751537193268 0.3101873130068002 30
1751537199602 0.31153277567081644 31
1751537205924 0.3104167222553164 32
1751537212468 0.3085038203936885 33
1751537219161 0.3094209503923977 34
1751537225337 0.30831920722756656 35
1751537231690 0.30205042408329824 36
1751537238143 0.308242150459122 37
1751537244745 0.3066727610555498 38
1751537250919 0.3068179049485294 39
1751537257000 0.3066686145938491 40
