1751536628718 0.8360152802732752 1
1751536633773 0.7511333883202794 2
1751536638973 0.7263824851902401 3
1751536644436 0.7164923516346156 4
1751536649737 0.683211551506216 5
1751536655679 0.596144979022797 6
1751536661659 0.5514261570009041 7
1751536666804 0.5288110733617508 8
1751536671819 0.5185017888277526 9
1751536676362 0.491269438667687 10
1751536681274 0.4872829167579106 11
1751536686008 0.47337973361352725 12
1751536690820 0.4703370029709481 13
1751536695704 0.4456750372975997 14
1751536700235 0.4547566966267925 15
1751536704870 0.43993920418983923 16
1751536709631 0.44277688877657606 17
1751536714426 0.432093098105253 18
1751536719300 0.42829417624811095 19
1751536724244 0.4221413930563528 20
1751536729259 0.43091729721853134 21
1751536734232 0.42581218996347264 22
1751536739278 0.42706704821460023 23
1751536744328 0.4220820292587825 24
1751536749564 0.4200737411967861 25
1751536754415 0.4280463891451467 26
1751536759209 0.41548698027042413 27
1751536763807 0.4191100554338368 28
1751536768455 0.41451007598634415 29
1751536772983 0.41902598279415176 30
1751536777680 0.41130978482550484 31
1751536782466 0.41422209449220504 32
