1751536628728 0.532756210973441 1
1751536633786 0.4872497151002213 2
1751536638985 0.48249037631152353 3
1751536644448 0.47922897183576296 4
1751536649747 0.47478310909274063 5
1751536655691 0.4440734756318765 6
1751536661670 0.43254771642478823 7
1751536666819 0.42651964555979127 8
1751536671831 0.4262491174003255 9
1751536676375 0.41563304649940025 10
1751536681283 0.41408672537347657 11
1751536686017 0.4106133673294127 12
1751536690835 0.40796048704379995 13
1751536695715 0.39871594546272504 14
1751536700244 0.40285528779359253 15
1751536704879 0.3967921439568194 16
1751536709644 0.39791895328722854 17
1751536714439 0.39502209778494607 18
1751536719312 0.3943465514157986 19
1751536724253 0.3893178640284379 20
1751536729272 0.39269863939186456 21
1751536734242 0.3923011425451337 22
1751536739288 0.3905797574687872 23
1751536744338 0.3886881324300923 24
1751536749573 0.38733497650816495 25
1751536754429 0.39250558112388323 26
1751536759221 0.38626541341267556 27
1751536763824 0.38844382974963354 28
1751536768467 0.3862380781008298 29
1751536772993 0.38822274986052696 30
1751536777690 0.3855109315751207 31
1751536782477 0.3848694340416607 32
